1,2021-01-01, Lacul lebedelor,200.0
9,21,77,28,64,46,39,22,87,62,12,41,16,56,15,84,2,97,7,72,60,23,69,55,74,59,92,95,73,20,76,86,1,11,50,57,94,10,48,8,32,98,88,37,79,14,17,19,67,31,61,51,54,90,38,35,68,66,80,75,71,
12200.0

2,2021-01-02, Spargatorul de nuci,150.0
88,66,40,6,93,57,9,52,36,11,26,100,53,94,97,24,31,18,38,15,60,81,12,98,21,8,51,56,80,35,64,82,41,22,78,71,45,5,49,96,
6000.0

3,2021-01-03, Nopti de Sanzaiene,250.0
33,23,65,41,12,15,21,3,31,63,45,89,77,4,88,96,81,92,51,73,71,1,18,25,86,20,80,50,61,60,40,56,24,26,68,97,35,
9250.0

