1,2020-12-23,5
40,36,4,90,22,
100.0
1,2020-12-23,1
29,
100.0
1,2020-12-23,5
97,19,11,3,34,
100.0
1,2020-12-23,1
61,
100.0
1,2020-12-23,5
29,49,62,86,71,
100.0
1,2020-12-23,6
71,8,22,69,90,52,
100.0
1,2020-12-23,1
60,
100.0
2,2020-12-23,1
78,
100.0
2,2020-12-23,2
2,39,
100.0
2,2020-12-23,1
79,
100.0
1,2020-12-23,7
82,27,33,63,38,91,28,
100.0
2,2020-12-23,6
18,51,32,46,35,29,
100.0
2,2020-12-23,6
49,62,65,22,60,5,
100.0
1,2020-12-23,1
46,
100.0
2,2020-12-23,7
83,95,38,52,4,32,30,
100.0
1,2020-12-23,2
85,92,
100.0
1,2020-12-23,5
2,75,23,50,32,
100.0
