nicio vanzare
nicio vanzare
nicio vanzare
idSpectacol: 2 verificationDate: 14:47:04.014884500 nr vanzari: 6 -> corect
[88]
[88]
idSpectacol: 1 verificationDate: 14:47:04.027851 nr vanzari: 6 -> corect
[9, 21, 22, 28, 39, 46, 62, 64, 77, 87]
[9, 21, 22, 28, 39, 46, 62, 64, 77, 87]
idSpectacol: 3 verificationDate: 14:47:04.028850 nr vanzari: 6 -> corect
[23, 33]
[23, 33]
idSpectacol: 2 verificationDate: 14:47:09.023426200 nr vanzari: 16 -> corect
[6, 9, 11, 26, 36, 40, 52, 53, 57, 66, 88, 93, 94, 100]
[6, 9, 11, 26, 36, 40, 52, 53, 57, 66, 88, 93, 94, 100]
idSpectacol: 1 verificationDate: 14:47:09.023426200 nr vanzari: 16 -> corect
[2, 7, 9, 12, 15, 16, 21, 22, 28, 39, 41, 46, 56, 62, 64, 77, 84, 87, 97]
[2, 7, 9, 12, 15, 16, 21, 22, 28, 39, 41, 46, 56, 62, 64, 77, 84, 87, 97]
idSpectacol: 3 verificationDate: 14:47:09.023426200 nr vanzari: 16 -> corect
[12, 15, 23, 33, 41, 65]
[12, 15, 23, 33, 41, 65]
idSpectacol: 2 verificationDate: 14:47:14.013899400 nr vanzari: 30 -> corect
[6, 8, 9, 11, 12, 15, 18, 21, 24, 26, 31, 36, 38, 40, 52, 53, 57, 60, 66, 81, 88, 93, 94, 97, 98, 100]
[6, 8, 9, 11, 12, 15, 18, 21, 24, 26, 31, 36, 38, 40, 52, 53, 57, 60, 66, 81, 88, 93, 94, 97, 98, 100]
idSpectacol: 1 verificationDate: 14:47:14.014897 nr vanzari: 30 -> corect
[1, 2, 7, 9, 11, 12, 15, 16, 20, 21, 22, 23, 28, 39, 41, 46, 50, 55, 56, 59, 60, 62, 64, 69, 72, 73, 74, 76, 77, 84, 86, 87, 92, 95, 97]
[1, 2, 7, 9, 11, 12, 15, 16, 20, 21, 22, 23, 28, 39, 41, 46, 50, 55, 56, 59, 60, 62, 64, 69, 72, 73, 74, 76, 77, 84, 86, 87, 92, 95, 97]
idSpectacol: 3 verificationDate: 14:47:14.014897 nr vanzari: 30 -> corect
[3, 12, 15, 21, 23, 31, 33, 41, 45, 63, 65, 89]
[3, 12, 15, 21, 23, 31, 33, 41, 45, 63, 65, 89]
idSpectacol: 2 verificationDate: 14:47:19.027252 nr vanzari: 37 -> corect
[6, 8, 9, 11, 12, 15, 18, 21, 24, 26, 31, 36, 38, 40, 51, 52, 53, 57, 60, 66, 81, 88, 93, 94, 97, 98, 100]
[6, 8, 9, 11, 12, 15, 18, 21, 24, 26, 31, 36, 38, 40, 51, 52, 53, 57, 60, 66, 81, 88, 93, 94, 97, 98, 100]
idSpectacol: 1 verificationDate: 14:47:19.027252 nr vanzari: 37 -> corect
[1, 2, 7, 8, 9, 10, 11, 12, 14, 15, 16, 17, 20, 21, 22, 23, 28, 32, 37, 39, 41, 46, 48, 50, 55, 56, 57, 59, 60, 62, 64, 69, 72, 73, 74, 76, 77, 79, 84, 86, 87, 88, 92, 94, 95, 97, 98]
[1, 2, 7, 8, 9, 10, 11, 12, 14, 15, 16, 17, 20, 21, 22, 23, 28, 32, 37, 39, 41, 46, 48, 50, 55, 56, 57, 59, 60, 62, 64, 69, 72, 73, 74, 76, 77, 79, 84, 86, 87, 88, 92, 94, 95, 97, 98]
idSpectacol: 3 verificationDate: 14:47:19.027252 nr vanzari: 37 -> corect
[3, 4, 12, 15, 21, 23, 31, 33, 41, 45, 51, 63, 65, 71, 73, 77, 81, 88, 89, 92, 96]
[3, 4, 12, 15, 21, 23, 31, 33, 41, 45, 51, 63, 65, 71, 73, 77, 81, 88, 89, 92, 96]
idSpectacol: 2 verificationDate: 14:47:24.025020800 nr vanzari: 44 -> corect
[6, 8, 9, 11, 12, 15, 18, 21, 24, 26, 31, 35, 36, 38, 40, 51, 52, 53, 56, 57, 60, 64, 66, 80, 81, 88, 93, 94, 97, 98, 100]
[6, 8, 9, 11, 12, 15, 18, 21, 24, 26, 31, 35, 36, 38, 40, 51, 52, 53, 56, 57, 60, 64, 66, 80, 81, 88, 93, 94, 97, 98, 100]
idSpectacol: 1 verificationDate: 14:47:24.025020800 nr vanzari: 44 -> corect
[1, 2, 7, 8, 9, 10, 11, 12, 14, 15, 16, 17, 19, 20, 21, 22, 23, 28, 32, 37, 39, 41, 46, 48, 50, 55, 56, 57, 59, 60, 62, 64, 69, 72, 73, 74, 76, 77, 79, 84, 86, 87, 88, 92, 94, 95, 97, 98]
[1, 2, 7, 8, 9, 10, 11, 12, 14, 15, 16, 17, 19, 20, 21, 22, 23, 28, 32, 37, 39, 41, 46, 48, 50, 55, 56, 57, 59, 60, 62, 64, 69, 72, 73, 74, 76, 77, 79, 84, 86, 87, 88, 92, 94, 95, 97, 98]
idSpectacol: 3 verificationDate: 14:47:24.025020800 nr vanzari: 44 -> corect
[1, 3, 4, 12, 15, 18, 20, 21, 23, 25, 31, 33, 40, 41, 45, 50, 51, 56, 60, 61, 63, 65, 71, 73, 77, 80, 81, 86, 88, 89, 92, 96]
[1, 3, 4, 12, 15, 18, 20, 21, 23, 25, 31, 33, 40, 41, 45, 50, 51, 56, 60, 61, 63, 65, 71, 73, 77, 80, 81, 86, 88, 89, 92, 96]
idSpectacol: 2 verificationDate: 14:47:29.029260700 nr vanzari: 48 -> corect
[6, 8, 9, 11, 12, 15, 18, 21, 22, 24, 26, 31, 35, 36, 38, 40, 41, 51, 52, 53, 56, 57, 60, 64, 66, 78, 80, 81, 82, 88, 93, 94, 97, 98, 100]
[6, 8, 9, 11, 12, 15, 18, 21, 22, 24, 26, 31, 35, 36, 38, 40, 41, 51, 52, 53, 56, 57, 60, 64, 66, 78, 80, 81, 82, 88, 93, 94, 97, 98, 100]
idSpectacol: 1 verificationDate: 14:47:29.030258400 nr vanzari: 48 -> corect
[1, 2, 7, 8, 9, 10, 11, 12, 14, 15, 16, 17, 19, 20, 21, 22, 23, 28, 32, 37, 39, 41, 46, 48, 50, 55, 56, 57, 59, 60, 62, 64, 67, 69, 72, 73, 74, 76, 77, 79, 84, 86, 87, 88, 92, 94, 95, 97, 98]
[1, 2, 7, 8, 9, 10, 11, 12, 14, 15, 16, 17, 19, 20, 21, 22, 23, 28, 32, 37, 39, 41, 46, 48, 50, 55, 56, 57, 59, 60, 62, 64, 67, 69, 72, 73, 74, 76, 77, 79, 84, 86, 87, 88, 92, 94, 95, 97, 98]
idSpectacol: 3 verificationDate: 14:47:29.030258400 nr vanzari: 48 -> corect
[1, 3, 4, 12, 15, 18, 20, 21, 23, 24, 25, 26, 31, 33, 40, 41, 45, 50, 51, 56, 60, 61, 63, 65, 71, 73, 77, 80, 81, 86, 88, 89, 92, 96]
[1, 3, 4, 12, 15, 18, 20, 21, 23, 24, 25, 26, 31, 33, 40, 41, 45, 50, 51, 56, 60, 61, 63, 65, 71, 73, 77, 80, 81, 86, 88, 89, 92, 96]
idSpectacol: 2 verificationDate: 14:47:34.012454500 nr vanzari: 51 -> corect
[5, 6, 8, 9, 11, 12, 15, 18, 21, 22, 24, 26, 31, 35, 36, 38, 40, 41, 45, 51, 52, 53, 56, 57, 60, 64, 66, 71, 78, 80, 81, 82, 88, 93, 94, 97, 98, 100]
[5, 6, 8, 9, 11, 12, 15, 18, 21, 22, 24, 26, 31, 35, 36, 38, 40, 41, 45, 51, 52, 53, 56, 57, 60, 64, 66, 71, 78, 80, 81, 82, 88, 93, 94, 97, 98, 100]
idSpectacol: 1 verificationDate: 14:47:34.013451500 nr vanzari: 51 -> corect
[1, 2, 7, 8, 9, 10, 11, 12, 14, 15, 16, 17, 19, 20, 21, 22, 23, 28, 31, 32, 37, 39, 41, 46, 48, 50, 55, 56, 57, 59, 60, 62, 64, 67, 69, 72, 73, 74, 76, 77, 79, 84, 86, 87, 88, 92, 94, 95, 97, 98]
[1, 2, 7, 8, 9, 10, 11, 12, 14, 15, 16, 17, 19, 20, 21, 22, 23, 28, 31, 32, 37, 39, 41, 46, 48, 50, 55, 56, 57, 59, 60, 62, 64, 67, 69, 72, 73, 74, 76, 77, 79, 84, 86, 87, 88, 92, 94, 95, 97, 98]
idSpectacol: 3 verificationDate: 14:47:34.013451500 nr vanzari: 51 -> corect
[1, 3, 4, 12, 15, 18, 20, 21, 23, 24, 25, 26, 31, 33, 40, 41, 45, 50, 51, 56, 60, 61, 63, 65, 71, 73, 77, 80, 81, 86, 88, 89, 92, 96]
[1, 3, 4, 12, 15, 18, 20, 21, 23, 24, 25, 26, 31, 33, 40, 41, 45, 50, 51, 56, 60, 61, 63, 65, 71, 73, 77, 80, 81, 86, 88, 89, 92, 96]
idSpectacol: 2 verificationDate: 14:47:39.012443400 nr vanzari: 57 -> corect
[5, 6, 8, 9, 11, 12, 15, 18, 21, 22, 24, 26, 31, 35, 36, 38, 40, 41, 45, 49, 51, 52, 53, 56, 57, 60, 64, 66, 71, 78, 80, 81, 82, 88, 93, 94, 97, 98, 100]
[5, 6, 8, 9, 11, 12, 15, 18, 21, 22, 24, 26, 31, 35, 36, 38, 40, 41, 45, 49, 51, 52, 53, 56, 57, 60, 64, 66, 71, 78, 80, 81, 82, 88, 93, 94, 97, 98, 100]
idSpectacol: 1 verificationDate: 14:47:39.012443400 nr vanzari: 57 -> corect
[1, 2, 7, 8, 9, 10, 11, 12, 14, 15, 16, 17, 19, 20, 21, 22, 23, 28, 31, 32, 35, 37, 38, 39, 41, 46, 48, 50, 51, 54, 55, 56, 57, 59, 60, 61, 62, 64, 66, 67, 68, 69, 72, 73, 74, 76, 77, 79, 84, 86, 87, 88, 90, 92, 94, 95, 97, 98]
[1, 2, 7, 8, 9, 10, 11, 12, 14, 15, 16, 17, 19, 20, 21, 22, 23, 28, 31, 32, 35, 37, 38, 39, 41, 46, 48, 50, 51, 54, 55, 56, 57, 59, 60, 61, 62, 64, 66, 67, 68, 69, 72, 73, 74, 76, 77, 79, 84, 86, 87, 88, 90, 92, 94, 95, 97, 98]
idSpectacol: 3 verificationDate: 14:47:39.013442600 nr vanzari: 57 -> corect
[1, 3, 4, 12, 15, 18, 20, 21, 23, 24, 25, 26, 31, 33, 40, 41, 45, 50, 51, 56, 60, 61, 63, 65, 68, 71, 73, 77, 80, 81, 86, 88, 89, 92, 96]
[1, 3, 4, 12, 15, 18, 20, 21, 23, 24, 25, 26, 31, 33, 40, 41, 45, 50, 51, 56, 60, 61, 63, 65, 68, 71, 73, 77, 80, 81, 86, 88, 89, 92, 96]
idSpectacol: 2 verificationDate: 14:47:44.025145300 nr vanzari: 60 -> corect
[5, 6, 8, 9, 11, 12, 15, 18, 21, 22, 24, 26, 31, 35, 36, 38, 40, 41, 45, 49, 51, 52, 53, 56, 57, 60, 64, 66, 71, 78, 80, 81, 82, 88, 93, 94, 96, 97, 98, 100]
[5, 6, 8, 9, 11, 12, 15, 18, 21, 22, 24, 26, 31, 35, 36, 38, 40, 41, 45, 49, 51, 52, 53, 56, 57, 60, 64, 66, 71, 78, 80, 81, 82, 88, 93, 94, 96, 97, 98, 100]
idSpectacol: 1 verificationDate: 14:47:44.025145300 nr vanzari: 60 -> corect
[1, 2, 7, 8, 9, 10, 11, 12, 14, 15, 16, 17, 19, 20, 21, 22, 23, 28, 31, 32, 35, 37, 38, 39, 41, 46, 48, 50, 51, 54, 55, 56, 57, 59, 60, 61, 62, 64, 66, 67, 68, 69, 72, 73, 74, 75, 76, 77, 79, 80, 84, 86, 87, 88, 90, 92, 94, 95, 97, 98]
[1, 2, 7, 8, 9, 10, 11, 12, 14, 15, 16, 17, 19, 20, 21, 22, 23, 28, 31, 32, 35, 37, 38, 39, 41, 46, 48, 50, 51, 54, 55, 56, 57, 59, 60, 61, 62, 64, 66, 67, 68, 69, 72, 73, 74, 75, 76, 77, 79, 80, 84, 86, 87, 88, 90, 92, 94, 95, 97, 98]
idSpectacol: 3 verificationDate: 14:47:44.025145300 nr vanzari: 60 -> corect
[1, 3, 4, 12, 15, 18, 20, 21, 23, 24, 25, 26, 31, 33, 40, 41, 45, 50, 51, 56, 60, 61, 63, 65, 68, 71, 73, 77, 80, 81, 86, 88, 89, 92, 96, 97]
[1, 3, 4, 12, 15, 18, 20, 21, 23, 24, 25, 26, 31, 33, 40, 41, 45, 50, 51, 56, 60, 61, 63, 65, 68, 71, 73, 77, 80, 81, 86, 88, 89, 92, 96, 97]
idSpectacol: 2 verificationDate: 14:47:49.007884900 nr vanzari: 62 -> corect
[5, 6, 8, 9, 11, 12, 15, 18, 21, 22, 24, 26, 31, 35, 36, 38, 40, 41, 45, 49, 51, 52, 53, 56, 57, 60, 64, 66, 71, 78, 80, 81, 82, 88, 93, 94, 96, 97, 98, 100]
[5, 6, 8, 9, 11, 12, 15, 18, 21, 22, 24, 26, 31, 35, 36, 38, 40, 41, 45, 49, 51, 52, 53, 56, 57, 60, 64, 66, 71, 78, 80, 81, 82, 88, 93, 94, 96, 97, 98, 100]
idSpectacol: 1 verificationDate: 14:47:49.007884900 nr vanzari: 62 -> corect
[1, 2, 7, 8, 9, 10, 11, 12, 14, 15, 16, 17, 19, 20, 21, 22, 23, 28, 31, 32, 35, 37, 38, 39, 41, 46, 48, 50, 51, 54, 55, 56, 57, 59, 60, 61, 62, 64, 66, 67, 68, 69, 71, 72, 73, 74, 75, 76, 77, 79, 80, 84, 86, 87, 88, 90, 92, 94, 95, 97, 98]
[1, 2, 7, 8, 9, 10, 11, 12, 14, 15, 16, 17, 19, 20, 21, 22, 23, 28, 31, 32, 35, 37, 38, 39, 41, 46, 48, 50, 51, 54, 55, 56, 57, 59, 60, 61, 62, 64, 66, 67, 68, 69, 71, 72, 73, 74, 75, 76, 77, 79, 80, 84, 86, 87, 88, 90, 92, 94, 95, 97, 98]
idSpectacol: 3 verificationDate: 14:47:49.008887100 nr vanzari: 62 -> corect
[1, 3, 4, 12, 15, 18, 20, 21, 23, 24, 25, 26, 31, 33, 35, 40, 41, 45, 50, 51, 56, 60, 61, 63, 65, 68, 71, 73, 77, 80, 81, 86, 88, 89, 92, 96, 97]
[1, 3, 4, 12, 15, 18, 20, 21, 23, 24, 25, 26, 31, 33, 35, 40, 41, 45, 50, 51, 56, 60, 61, 63, 65, 68, 71, 73, 77, 80, 81, 86, 88, 89, 92, 96, 97]
